20170514 001515
20170515 000917
20170514 001351
2017050014 1351
20170514 001515
2017050014 1515
2017000514 1407
2017000514 1515
2017000514 1515
20170514 001515
20170515 00120042
2017050011 0723
20170515 001356
201700050015 000717
2017000515 0822
20170515 001341
2017000515 0938
2017050015 1225
2017000514 1408
2017000515 1445
2017000515 1457
20170516 210028
2017000514 1408
2017000515 1448
2017000514 1515
2017050014 1515
2017000514 1515
2017000514 1515
2017050015 1219
20170514 130015
20170514 00150046
2017050014 00150015
2017000514 1413
2017050014 1408
2017050014 1408
2017050014 150015
2017000514 1423
201700050014 1553
20170512 160007
20170514 001319
2017050014 1515
2017000514 1515
20170514 001413
2017000514 1515
2017050014 1413
2017050014 00150015
20170514 001515
2017000514 1515
20170514 130015
20170514 001515
20170513 001624
2017050014 1408